1	0.203396
2	0.12563
4	0.058147
8	0.0312121
10	0.0270541
16	0.0182629
20	0.0155151
1	0.202894
2	0.125122
4	0.061312
8	0.031338
10	0.0264721
16	0.0182569
20	0.015548
1	0.202075
2	0.124501
4	0.0579998
8	0.0310729
10	0.026336
16	0.018229
20	0.0154941
1	0.203191
2	0.126229
4	0.0582271
8	0.0310781
10	0.0270629
16	0.0181901
20	0.0155368
1	0.202797
2	0.125134
4	0.0577638
8	0.0311539
10	0.0264759
16	0.0183051
20	0.0155089
1	0.202723
2	0.154709
4	0.0577319
8	0.031105
10	0.0262971
16	0.0182369
20	0.015528
1	0.203312
2	0.124783
4	0.058023
8	0.031132
10	0.0263321
16	0.0182281
20	0.0155132
1	0.202774
2	0.125109
4	0.0579379
8	0.0311751
10	0.026274
16	0.018316
20	0.0155091
1	0.203175
2	0.12457
4	0.0574908
8	0.031323
10	0.026351
16	0.0182331
20	0.0155032
1	0.201355
2	0.124989
4	0.058429
8	0.0312099
10	0.0263901
16	0.0182531
20	0.015511
