120000	0.0513451
240000	0.053844
480000	0.0543389
960000	0.060297
1200000	0.070226
1920000	0.175501
2400000	0.285395
120000	0.051229
240000	0.0539911
480000	0.053906
960000	0.0624011
1200000	0.070364
1920000	0.175632
2400000	0.285092
120000	0.051578
240000	0.053791
480000	0.0538962
960000	0.060585
1200000	0.0703769
1920000	0.174097
2400000	0.285513
120000	0.0513439
240000	0.0542729
480000	0.054234
960000	0.0607882
1200000	0.070637
1920000	0.174474
2400000	0.285224
120000	0.0513461
240000	0.0536342
480000	0.0548282
960000	0.0603871
1200000	0.0704181
1920000	0.174136
2400000	0.285339
120000	0.051441
240000	0.054337
480000	0.0544889
960000	0.060859
1200000	0.0698891
1920000	0.17341
2400000	0.287257
120000	0.051486
240000	0.0536718
480000	0.0539689
960000	0.060482
1200000	0.0706949
1920000	0.174833
2400000	0.286353
120000	0.0514989
240000	0.053668
480000	0.0542018
960000	0.060204
1200000	0.0697639
1920000	0.174424
2400000	0.284831
120000	0.0514069
240000	0.0540662
480000	0.0539999
960000	0.0610058
1200000	0.0698709
1920000	0.17492
2400000	0.286795
120000	0.051374
240000	0.0537338
480000	0.0541611
960000	0.0603502
1200000	0.0701079
1920000	0.17522
2400000	0.285285
